000000
000018
000029
000031
000036
000045
000047
000049
000067
000076
000083
000090
000096
000102
000111
000151
000159
000161
000166
000172
000201
000210
000215
000228
000229
000240
000267
000284
000286
000290
000291
000292
000298
000317
000355
000358
000377
000403
000416
000419
000434
000441
000442
000460
000470
000472
000474
000476
000482
000484
000492
000493
000501
000504
000525
000535
000540
000544
000552
000555
000559
000574
000581
000585
000587
000621
000656
000657
000663
000682
000687
000741
000766
000772
000793
000803
000813
000815
000817
000832
000833
000835
000842
000859
000861
000866
000876
000881
000886
000900
000905
000906
000921
000929
000937
000938
000944
000956
000969
000970
000972
000978
000979
000987
000992
001001
001005
001007
001017
001021
001022
001058
001068
001088
001096
001109
001111
001113
001125
001129
001133
001134
001135
001147
001152
001154
001165
001168
001177
001180
001193
001204
001207
001208
001212
001216
001217
001259
001262
001264
001270
001283
001285
001292
001297
001303
001306
001315
001316
001321
001322
001323
001337
001347
001355
001358
001362
001369
001387
001394
001395
001414
001419
001434
001435
001440
001442
001445
001446
001450
001461
001462
001464
001474
001484
001494
001495
001500
001508
001513
001514
001515
001538
001544
001553
001558
001563
001564
001577
001582
001600
001601
001612
001615
001623
001627
001633
001644
001671
001674
001681
001684
001721
001722
001726
001763
001765
001785
001795
001798
001803
001806
001809
001827
001831
001850
001853
001868
001886
001887
001892
001898
001904
001905
001907
001924
001926
001931
001935
001938
001944
001954
001969
001976
001985
001993
002002
002004
002008
002012
002015
002019
002020
002024
002027
002044
002050
002056
002063
002066
002079
002091
002101
002102
002104
002106
002111
002129
002136
002153
002162
002170
002183
002186
002189
002202
002204
002216
002235
002246
002252
002257
002259
002265
002268
002283
002295
002311
002321
002322
002339
002341
002343
002344
002353
002366
002381
002382
002386
002387
002388
002401
002406
002407
002409
002413
002418
002430
002452
002454
002468
002495
002499
002507
002522
002532
002535
002548
002549
002553
002558
002562
002567
002573
002575
002580
002603
002609
002611
002616
002621
002632
002640
002642
002649
002660
002663
002673
002676
002682
002688
002726
002735
002742
002743
002759
002761
002780
002793
002800
002810
002817
002818
002819
002825
002830
002842
002843
002845
002860
002864
002871
002877
002886
002896
002907
002908
002916
002920
002940
002963
002967
002973
002974
002980
002981
002985
003015
003019
003031
003035
003085
003100
003105
003111
003112
003113
003114
003117
003136
003139
003141
003162
003170
003183
003197
003200
003203
003217
003225
003231
003245
003247
003265
003277
003330
003343
003356
003379
003384
003394
003397
003412
003421
003440
003442
003447
003448
003476
003477
003479
003482
003491
003492
003506
003510
003512
003520
003526
003533
003544
003563
003577
003579
003587
003601
003602
003605
003608
003613
003619
003633
003638
003641
003649
003653
003663
003664
003665
003675
003692
003700
003709
003711
003713
003716
003720
003735
003751
003756
003758
003762
003767
003779
003782
003784
003786
003796
003816
003819
003830
003837
003840
003848
003849
003873
003876
003884
003891
003893
003896
003897
003919
003933
003946
003949
003976
003981
004009
004024
004026
004038
004046
004047
004052
004054
004063
004065
004076
004081
004087
004089
004119
004127
004128
004167
004195
004213
004224
004227
004235
004240
004241
004266
004268
004272
004280
004312
004320
004327
004331
004351
004352
004356
004358
004365
004386
004389
004392
004409
004417
004449
004465
004478
004508
004519
004525
004535
004544
004551
004553
004581
004585
004594
004596
004614
004641
004643
004685
004689
004692
004699
004708
004713
004716
004734
004753
004756
004757
004760
004765
004768
004781
004807
004812
004814
004821
004852
004857
004872
004874
004876
004879
004880
004889
004900
004903
004914
004918
004921
004930
004970
004973
004977
004979
004986
004990
005002
005003
005015
005019
005021
005024
005029
005033
005036
005041
005055
005059
005061
005062
005064
005069
005070
005090
005095
005100
005111
005114
005130
005157
005166
005168
005191
005215
005222
005225
005230
005236
005261
005263
005273
005309
005332
005338
005370
005373
005377
005388
074049_00000381
074049_00000393
074350_00000383
074350_00000500
074650_00000040
074650_00000492
074755_00000111
074755_00000174
074952_00000380
074952_00000480
075025_00000257
075254_00000172
075254_00000195
075254_00000196
075334_00000238
075554_00000042
075634_00000366
075634_00000383
080013_00000331
080013_00000337
080314_00000361
080500_00000240
080500_00000429
080538_00000096
080538_00000510
080614_00000175
080614_00000399
080614_00000440
080614_00000466
080802_00000312
080914_00000522
080914_00000539
081102_00000196
081102_00000198
081102_00000426
081102_00000503
081216_00000549
081404_00000341
081404_00000365
081404_00000507
081444_00000354
081444_00000356
081444_00000393
081444_00000423
081518_00000339
081624_00000479
081706_00000111
081746_00000343
081821_00000068
081926_00000220
081926_00000409
082009_00000056
082009_00000183
082048_00000038
082048_00000289
082048_00000406
082048_00000409
082048_00000411
082048_00000413
082048_00000542
082228_00000158
082228_00000324
082228_00000381
082311_00000262
082311_00000263
082311_00000284
082311_00000290
082311_00000314
082311_00000328
082311_00000330
082311_00000505
082350_00000013
082350_00000086
082350_00000411
082350_00000446
082530_00000392
082530_00000468
082652_00000015
082726_00000076
082726_00000368
082726_00000515
082832_00000107
082832_00000198
082832_00000353
082954_00000435
082954_00000439
082954_00000440
083026_00000446
083134_00000272
083134_00000357
083255_00000124
083255_00000212
083255_00000348
083255_00000399
083255_00000474
083327_00000013
083327_00000035
083327_00000076
083436_00000375
083436_00000401
083627_00000083
121917_00000514
121917_00000544
122219_00000189
